Happy Valentine!

json files to run on Feb. 14th, 2024

OMLApex.240214_i.json:  1560 seconds, 26.0 minutes, 0.43 hoursd 30.000000 seconds readout
OMLApex.240214_r.json:  1290 seconds, 21.5 minutes, 0.36 hoursd 30.000000 seconds readout
ShallowApex.240214.json: 840 seconds, 14.0 minutes, 0.23 hoursnd 30.000000 seconds readout
