json files to run on Feb. 14th, 2024 (Happy Valentine!)

 OMLApex.240214.json: 2460 seconds, 41.0 minutes, 0.68 hoursd 30.000000 seconds readout
 OMLApex.240214_x_i.json: 390 seconds, 6.5 minutes, 0.11 hoursand 30.000000 seconds readout
 ShallowApex.240214.json: 840 seconds, 14.0 minutes, 0.23 hoursnd 30.000000 seconds readout
